[gd_scene load_steps=12 format=3 uid="uid://btnk6d4olylos"]

[ext_resource type="Texture2D" uid="uid://bspb6xcnit2yt" path="res://Grass003_1K-PNG_Color.png" id="1_vonw3"]
[ext_resource type="Texture2D" uid="uid://0ug4bmh6weks" path="res://Grass003_1K-PNG_NormalGL.png" id="2_oi3di"]
[ext_resource type="PackedScene" uid="uid://c5usa2ubyi1eg" path="res://assets/main_char/character_body_3d.tscn" id="5_f2txt"]

[sub_resource type="Gradient" id="Gradient_0b4ue"]
offsets = PackedFloat32Array(0.2, 1)
colors = PackedColorArray(1, 1, 1, 1, 0, 0, 0, 1)

[sub_resource type="FastNoiseLite" id="FastNoiseLite_f2txt"]
noise_type = 2
frequency = 0.03
cellular_jitter = 3.0
cellular_return_type = 0
domain_warp_enabled = true
domain_warp_type = 1
domain_warp_amplitude = 50.0
domain_warp_fractal_type = 2
domain_warp_fractal_lacunarity = 1.5
domain_warp_fractal_gain = 1.0

[sub_resource type="NoiseTexture2D" id="NoiseTexture2D_1ainy"]
noise = SubResource("FastNoiseLite_f2txt")
color_ramp = SubResource("Gradient_0b4ue")
seamless = true

[sub_resource type="Terrain3DMaterial" id="Terrain3DMaterial_n6hdu"]
_shader_parameters = {
&"bias_distance": 512.0,
&"blend_sharpness": 0.87,
&"depth_blur": 0.0,
&"enable_macro_variation": true,
&"enable_projection": true,
&"height_blending": true,
&"macro_variation1": Color(1, 1, 1, 1),
&"macro_variation2": Color(1, 1, 1, 1),
&"macro_variation_slope": 0.333,
&"mipmap_bias": 1.0,
&"noise1_angle": 0.0,
&"noise1_offset": Vector2(0.5, 0.5),
&"noise1_scale": 0.04,
&"noise2_scale": 0.076,
&"noise3_scale": 0.225,
&"noise_texture": SubResource("NoiseTexture2D_1ainy"),
&"projection_angular_division": 2.0,
&"projection_threshold": 0.8,
&"world_space_normal_blend": true
}

[sub_resource type="StandardMaterial3D" id="StandardMaterial3D_km5ld"]
transparency = 4
cull_mode = 2
vertex_color_use_as_albedo = true
backlight_enabled = true
backlight = Color(0.5, 0.5, 0.5, 1)
distance_fade_mode = 1
distance_fade_min_distance = 128.0
distance_fade_max_distance = 96.0

[sub_resource type="Terrain3DMeshAsset" id="Terrain3DMeshAsset_i2t4f"]
generated_type = 1
height_offset = 0.5
material_override = SubResource("StandardMaterial3D_km5ld")
last_lod = 0
last_shadow_lod = 0
lod0_range = 128.0

[sub_resource type="Terrain3DTextureAsset" id="Terrain3DTextureAsset_8cye3"]
name = "Grass003"
albedo_texture = ExtResource("1_vonw3")
normal_texture = ExtResource("2_oi3di")

[sub_resource type="Terrain3DAssets" id="Terrain3DAssets_2orkt"]
mesh_list = Array[Terrain3DMeshAsset]([SubResource("Terrain3DMeshAsset_i2t4f")])
texture_list = Array[Terrain3DTextureAsset]([SubResource("Terrain3DTextureAsset_8cye3")])

[node name="level" type="Node3D"]

[node name="RootNode" parent="." instance=ExtResource("5_f2txt")]

[node name="Skeleton3D" parent="RootNode/Root Scene/RootNode/CharacterArmature" index="0"]
bones/1/position = Vector3(4.5321945e-06, 0.008367809, -0.00045605682)
bones/5/rotation = Quaternion(-0.008957236, 8.9345434e-07, 5.834955e-05, 0.9999599)
bones/6/rotation = Quaternion(-0.009471053, 6.7798237e-07, -8.5860113e-10, 0.9999551)
bones/9/rotation = Quaternion(0.66221476, -0.40922037, -0.38536498, -0.49548376)
bones/10/rotation = Quaternion(-0.12597328, -0.028755914, -0.1844055, 0.9743195)
bones/11/rotation = Quaternion(0.011239725, 0.017744467, 0.010479184, 0.99972445)
bones/13/rotation = Quaternion(-0.027262729, -0.030438123, 0.06766313, 0.99687105)
bones/14/rotation = Quaternion(-0.06918823, 0.011953482, 0.0253677, 0.9972094)
bones/15/rotation = Quaternion(-0.029872308, 0.0097807655, 0.004962078, 0.99949354)
bones/19/rotation = Quaternion(-0.019045563, 0.009171968, -0.011120979, 0.9997147)
bones/23/rotation = Quaternion(-0.07517977, 0.030085118, -0.0074802516, 0.99668795)
bones/29/rotation = Quaternion(-0.021016499, -0.14007233, 0.08391359, 0.9863552)
bones/30/rotation = Quaternion(-0.15705955, -0.05254477, 0.1613143, 0.97290754)
bones/32/rotation = Quaternion(-0.611768, -0.31265497, -0.43336394, 0.58325166)
bones/33/rotation = Quaternion(-0.2152073, -0.19250047, 0.32410184, 0.90088147)
bones/36/rotation = Quaternion(-0.052857198, 0.033640683, -0.066488646, 0.9958181)
bones/37/rotation = Quaternion(-0.08878325, -0.011361824, -0.024741497, 0.9956788)
bones/38/rotation = Quaternion(-0.029872296, -0.009780764, -0.004962062, 0.99949354)
bones/40/rotation = Quaternion(-0.104393214, -0.026901906, -0.06901164, 0.991774)
bones/42/rotation = Quaternion(-0.019045567, -0.009171974, 0.011120982, 0.9997147)
bones/46/rotation = Quaternion(-0.07517979, -0.030085092, 0.007480257, 0.99668795)
bones/47/rotation = Quaternion(0.017032543, 0.07191999, -0.22635889, 0.9712358)
bones/48/rotation = Quaternion(-0.12658867, -0.17958419, 0.16197224, 0.9620238)
bones/52/rotation = Quaternion(0.005514133, 0.13729365, -0.08512645, 0.98685026)
bones/53/rotation = Quaternion(-0.21747135, 0.057806194, -0.13651088, 0.9647432)
bones/54/rotation = Quaternion(-0.5362432, 0.011878438, 0.8374845, -0.10450813)
bones/55/rotation = Quaternion(0.16391149, 0.6878464, -0.16391139, 0.6878469)
bones/56/rotation = Quaternion(0.5574925, 0.113614686, 0.8082286, 0.15185624)
bones/57/rotation = Quaternion(0.14155962, -0.6927918, 0.1415595, 0.6927924)

[node name="Head" parent="RootNode/Root Scene/RootNode/CharacterArmature/Skeleton3D" index="0"]
transform = Transform3D(0.9999848, -0.0023901286, -0.0049408753, -0.005155008, -0.09989427, -0.99498445, 0.0018845629, 0.99499524, -0.09990509, 3.9023344e-05, -0.000886058, 0.015555184)

[node name="Index4_L" parent="RootNode/Root Scene/RootNode/CharacterArmature/Skeleton3D" index="1"]
transform = Transform3D(-0.06391428, -0.10740786, 0.9921583, -0.997954, 0.005647286, -0.06367621, 0.0012366289, -0.99419856, -0.10754889, 0.0028321592, -0.0006825204, 0.008098084)

[node name="Middle4_L" parent="RootNode/Root Scene/RootNode/CharacterArmature/Skeleton3D" index="2"]
transform = Transform3D(-0.06976426, -0.24287337, 0.9675458, -0.99619615, -0.033787142, -0.08031125, 0.05219638, -0.96946937, -0.2395924, 0.0028503328, -0.0003914022, 0.0079178605)

[node name="Ring4_L" parent="RootNode/Root Scene/RootNode/CharacterArmature/Skeleton3D" index="3"]
transform = Transform3D(-0.33903316, -0.3801363, 0.8605534, -0.9394383, 0.18552096, -0.2881603, -0.050110392, -0.9061336, -0.4200124, 0.0027877514, -3.3500255e-06, 0.008100942)

[node name="Pinky4_L" parent="RootNode/Root Scene/RootNode/CharacterArmature/Skeleton3D" index="4"]
transform = Transform3D(-0.03926265, -0.4907571, 0.8704111, -0.9950304, 0.09896391, 0.010914154, -0.09149516, -0.8656579, -0.49220413, 0.002748549, 0.00016056694, 0.008338718)

[node name="Thumb3_L" parent="RootNode/Root Scene/RootNode/CharacterArmature/Skeleton3D" index="5"]
transform = Transform3D(-0.17300114, -0.24893267, 0.9529444, -0.9683721, -0.13362508, -0.21070823, 0.17978969, -0.9592582, -0.21794197, 0.0026250293, -0.0011010444, 0.00901711)

[node name="Index4_R" parent="RootNode/Root Scene/RootNode/CharacterArmature/Skeleton3D" index="6"]
transform = Transform3D(-0.36161426, 0.304563, -0.8811786, 0.8779177, -0.20691606, -0.43179274, -0.31383845, -0.92974484, -0.19255726, -0.0020833688, -0.0023483285, 0.008447207)

[node name="Middle4_R" parent="RootNode/Root Scene/RootNode/CharacterArmature/Skeleton3D" index="7"]
transform = Transform3D(-0.36339006, 0.33840424, -0.8680033, 0.9066506, -0.08587297, -0.4130487, -0.21431553, -0.9370742, -0.2756088, -0.0022243084, -0.0020402179, 0.008158174)

[node name="Ring4_R" parent="RootNode/Root Scene/RootNode/CharacterArmature/Skeleton3D" index="8"]
transform = Transform3D(-0.6108186, 0.4139014, -0.67497104, 0.7517959, 0.035740357, -0.65842575, -0.24839962, -0.9096196, -0.333, -0.0022882696, -0.0017346502, 0.008240626)

[node name="Pinky4_R" parent="RootNode/Root Scene/RootNode/CharacterArmature/Skeleton3D" index="9"]
transform = Transform3D(-0.3493275, 0.53971076, -0.7659519, 0.911158, 0.0050053, -0.41202503, -0.21854067, -0.8418354, -0.4935103, -0.0023298508, -0.0015069274, 0.008417703)

[node name="Thumb3_R" parent="RootNode/Root Scene/RootNode/CharacterArmature/Skeleton3D" index="10"]
transform = Transform3D(-0.37699533, 0.54248595, -0.7507215, 0.63441604, -0.43929374, -0.6360316, -0.6748256, -0.7160511, -0.17854987, -0.0018700374, -0.0025168532, 0.009652041)

[node name="LowerLeg_L" parent="RootNode/Root Scene/RootNode/CharacterArmature/Skeleton3D" index="11"]
transform = Transform3D(0.6063401, -0.16380996, -0.77813745, 0.7898101, 0.2375117, 0.56546825, 0.09218504, -0.9574723, 0.27339888, 0.002043174, -6.655503e-05, 0.0051213116)

[node name="LowerLeg_R" parent="RootNode/Root Scene/RootNode/CharacterArmature/Skeleton3D" index="12"]
transform = Transform3D(0.9932484, 0.011738749, -0.11518269, 0.1148852, 0.023252942, 0.993106, 0.014335781, -0.9996604, 0.02174766, -0.00074507634, -0.0025785929, 0.0053369836)

[node name="DirectionalLight3D" type="DirectionalLight3D" parent="."]
transform = Transform3D(0.40833044, -0.5287876, 0.7440765, 0, 0.8151278, 0.57928115, -0.91283417, -0.23653813, 0.3328415, 0, 0, 0)
light_energy = 3.6
shadow_enabled = true

[node name="Terrain3D" type="Terrain3D" parent="."]
data_directory = "res://"
material = SubResource("Terrain3DMaterial_n6hdu")
assets = SubResource("Terrain3DAssets_2orkt")
top_level = true
metadata/_edit_lock_ = true

[node name="Camera3D" type="Camera3D" parent="."]
transform = Transform3D(-0.9659258, 0, 0.25881913, 0, 1, 0, -0.25881913, 0, -0.9659258, 0, 1.4, -1.1)

[editable path="RootNode"]
