[gd_scene load_steps=10 format=3 uid="uid://ba5jda23bae7b"]

[ext_resource type="Script" uid="uid://dt225ywj53qip" path="res://mainmenucanvas.gd" id="1_glbon"]
[ext_resource type="PackedScene" uid="uid://c5usa2ubyi1eg" path="res://assets/main_char/character_body_3d.tscn" id="1_jix8l"]
[ext_resource type="PackedScene" uid="uid://cvnv0d5i2r46e" path="res://floor.tscn" id="2_glbon"]
[ext_resource type="Shader" uid="uid://c1mxw6ul0etpq" path="res://assets/main_char/fade_black.gdshader" id="2_qe12f"]
[ext_resource type="PackedScene" uid="uid://dibk5ywal17al" path="res://wall.tscn" id="3_nlkkf"]
[ext_resource type="PackedScene" uid="uid://bfgy30d3drnq2" path="res://ceiling.tscn" id="4_qe12f"]
[ext_resource type="FontFile" uid="uid://defatt5hcdyn3" path="res://Milky.ttf" id="6_nlkkf"]

[sub_resource type="ShaderMaterial" id="ShaderMaterial_8qtwp"]
shader = ExtResource("2_qe12f")
shader_parameter/fade_amount = 1.0

[sub_resource type="Environment" id="Environment_8qtwp"]
background_mode = 1

[node name="Node3D" type="Node3D"]

[node name="mainmenucanvas" type="CanvasLayer" parent="."]
script = ExtResource("1_glbon")

[node name="Button" type="Button" parent="mainmenucanvas"]
visible = false
offset_left = 539.0
offset_top = 313.0
offset_right = 624.0
offset_bottom = 344.0
theme_override_colors/font_color = Color(0.4429102, 0.44291112, 0.4429103, 1)
theme_override_colors/font_outline_color = Color(0, 0, 0, 1)
text = "play."
clip_text = true

[node name="ColorRect" type="ColorRect" parent="mainmenucanvas"]
material = SubResource("ShaderMaterial_8qtwp")
offset_right = 1152.0
offset_bottom = 648.0
color = Color(0, 0, 0, 1)

[node name="Camera3D" type="Camera3D" parent="."]
transform = Transform3D(-1, 0, 8.742278e-08, 0, 1, 0, -8.742278e-08, 0, -1, 0, 1.5, -1.1)
fov = 41.315712

[node name="RootNode" parent="." instance=ExtResource("1_jix8l")]
transform = Transform3D(1, 0, 0, 0, 1, 0, 0, 0, 1, -7.599592e-07, 3.7252903e-08, 0.6)
script = null

[node name="Control" parent="RootNode/CanvasLayer" index="0"]
visible = false

[node name="stamina" parent="RootNode/CanvasLayer/Control" index="0"]
visible = false

[node name="Skeleton3D" parent="RootNode/Root Scene/RootNode/CharacterArmature" index="0"]
bones/5/rotation = Quaternion(-0.0042534624, 1.849053e-07, 3.6553753e-05, 0.99999094)
bones/7/rotation = Quaternion(-0.007998618, -0.0002749773, 3.926225e-05, 0.99996805)
bones/9/rotation = Quaternion(0.66873246, -0.40651563, -0.38633433, -0.48814717)
bones/10/rotation = Quaternion(-0.1256641, -0.02874512, -0.18444306, 0.97435266)
bones/13/rotation = Quaternion(-0.040440127, -0.032084823, 0.0670714, 0.9964119)
bones/14/rotation = Quaternion(-0.07869516, 0.011667748, 0.025067512, 0.9965152)
bones/17/rotation = Quaternion(-0.080793194, 0.023406386, -0.004322761, 0.99644667)
bones/18/rotation = Quaternion(-0.105729334, 0.0027249444, -0.019429777, 0.99420136)
bones/21/rotation = Quaternion(-0.06244078, 0.15346435, -0.019775195, 0.9859811)
bones/22/rotation = Quaternion(-0.103063636, 0.033578996, -0.031374726, 0.99361265)
bones/29/rotation = Quaternion(-0.029717352, -0.14253083, 0.083709955, 0.98579645)
bones/30/rotation = Quaternion(-0.1664833, -0.052091297, 0.1666894, 0.9704558)
bones/32/rotation = Quaternion(-0.6174598, -0.3107618, -0.43564212, 0.5765297)
bones/33/rotation = Quaternion(-0.2178159, -0.19202204, 0.32358024, 0.90054405)
bones/52/rotation = Quaternion(0.026473463, 0.12847689, -0.08517446, 0.98769337)
bones/53/rotation = Quaternion(-0.1510187, 0.056785706, -0.12926693, 0.9783961)
bones/54/rotation = Quaternion(-0.5360184, 0.015462663, 0.8368084, -0.11044076)
bones/55/rotation = Quaternion(0.17283483, 0.68565863, -0.17283468, 0.6856592)
bones/56/rotation = Quaternion(0.55653673, 0.11825366, 0.8069348, 0.15855369)
bones/57/rotation = Quaternion(0.15180492, -0.69061923, 0.15180482, 0.6906198)

[node name="Head" parent="RootNode/Root Scene/RootNode/CharacterArmature/Skeleton3D" index="0"]
transform = Transform3D(0.9999847, -0.0023924683, -0.0049651503, -0.005159837, -0.0897056, -0.99595463, 0.0019373815, 0.9959654, -0.08971663, 3.90288e-05, -0.00090568536, 0.015474673)

[node name="Camera3D" parent="RootNode/Root Scene/RootNode/CharacterArmature/Skeleton3D/Head/Head_end" index="0"]
visible = false

[node name="Index4_L" parent="RootNode/Root Scene/RootNode/CharacterArmature/Skeleton3D" index="1"]
transform = Transform3D(-0.06472953, -0.17226055, 0.98292214, -0.9978949, 0.014963139, -0.0630932, -0.003839042, -0.98493755, -0.1728664, 0.0026897907, -0.00063324394, 0.007996313)

[node name="Middle4_L" parent="RootNode/Root Scene/RootNode/CharacterArmature/Skeleton3D" index="2"]
transform = Transform3D(-0.060542315, -0.21508649, 0.9747162, -0.9973458, -0.026514275, -0.067798704, 0.040426563, -0.97623503, -0.21291044, 0.0027532624, -0.00033991216, 0.007814055)

[node name="Ring4_L" parent="RootNode/Root Scene/RootNode/CharacterArmature/Skeleton3D" index="3"]
transform = Transform3D(-0.32199723, -0.32769084, 0.8882206, -0.9392143, 0.2286248, -0.25613695, -0.11913568, -0.9167056, -0.38138855, 0.002706875, 6.852891e-05, 0.008004554)

[node name="Pinky4_L" parent="RootNode/Root Scene/RootNode/CharacterArmature/Skeleton3D" index="4"]
transform = Transform3D(-0.041822553, -0.5077519, 0.86048716, -0.9941158, 0.10727408, 0.014982492, -0.09991526, -0.8547984, -0.5092511, 0.0026337272, 0.00020759847, 0.008245613)

[node name="Thumb3_L" parent="RootNode/Root Scene/RootNode/CharacterArmature/Skeleton3D" index="5"]
transform = Transform3D(-0.17793953, -0.2992652, 0.93743134, -0.970965, -0.101384856, -0.21667093, 0.15988357, -0.9487682, -0.2725357, 0.0025173575, -0.001058441, 0.008913817)

[node name="Index4_R" parent="RootNode/Root Scene/RootNode/CharacterArmature/Skeleton3D" index="6"]
transform = Transform3D(-0.35372886, 0.3266445, -0.87645805, 0.88125414, -0.19765416, -0.4293276, -0.31347334, -0.92424816, -0.2179408, -0.0019572019, -0.0022986133, 0.008343092)

[node name="Middle4_R" parent="RootNode/Root Scene/RootNode/CharacterArmature/Skeleton3D" index="7"]
transform = Transform3D(-0.35787505, 0.36068946, -0.8612944, 0.90897816, -0.076561965, -0.40975037, -0.21373506, -0.9295381, -0.30045915, -0.0020910918, -0.0019875113, 0.008053915)

[node name="Ring4_R" parent="RootNode/Root Scene/RootNode/CharacterArmature/Skeleton3D" index="8"]
transform = Transform3D(-0.6044666, 0.43554685, -0.66702217, 0.7546149, 0.044724815, -0.65464085, -0.25529426, -0.89905405, -0.35570472, -0.0021569105, -0.0016827593, 0.008137907)

[node name="Pinky4_R" parent="RootNode/Root Scene/RootNode/CharacterArmature/Skeleton3D" index="9"]
transform = Transform3D(-0.34371412, 0.5596895, -0.754061, 0.9135205, 0.01323422, -0.40657568, -0.21757683, -0.8285964, -0.5158368, -0.0022026424, -0.0014568196, 0.008316241)

[node name="Thumb3_R" parent="RootNode/Root Scene/RootNode/CharacterArmature/Skeleton3D" index="10"]
transform = Transform3D(-0.3390535, 0.4291006, -0.8372065, 0.62931156, -0.5580454, -0.5408796, -0.6992912, -0.71025145, -0.080830514, -0.001784511, -0.0024857095, 0.009554965)

[node name="LowerLeg_L" parent="RootNode/Root Scene/RootNode/CharacterArmature/Skeleton3D" index="11"]
transform = Transform3D(0.6060589, -0.17304592, -0.7763554, 0.7899875, 0.24448943, 0.5622376, 0.09251541, -0.9540852, 0.28488663, 0.0020904525, -0.000102090344, 0.0050549232)

[node name="LowerLeg_R" parent="RootNode/Root Scene/RootNode/CharacterArmature/Skeleton3D" index="12"]
transform = Transform3D(0.9932454, 0.010266064, -0.115349494, 0.114908144, 0.03617797, 0.9927167, 0.014364004, -0.99929243, 0.034754645, -0.0007376717, -0.002644701, 0.0052860198)

[node name="StaticBody3D" parent="." instance=ExtResource("2_glbon")]
transform = Transform3D(4, 0, 0, 0, 1, 0, 0, 0, 4, 0, 0, 0)

[node name="StaticBody3D2" parent="." instance=ExtResource("3_nlkkf")]
transform = Transform3D(-4, 0, -8.74228e-08, 0, 1, 0, 3.496911e-07, 0, -1.0000002, 4.4703484e-08, 1.5, 2.5)

[node name="WorldEnvironment" type="WorldEnvironment" parent="."]
environment = SubResource("Environment_8qtwp")

[node name="StaticBody3D3" parent="." instance=ExtResource("4_qe12f")]
transform = Transform3D(1.5, 0, 0, 0, 1, 0, 0, 0, 1.5, 0, 2.9, 0.3)

[node name="ceiling" parent="StaticBody3D3" index="0"]
flicker = true

[node name="Label3D" type="Label3D" parent="."]
transform = Transform3D(-1, 0, -8.742278e-08, 0, 1, 0, 8.742278e-08, 0, -1, 0, 2.48, 2.4)
pixel_size = 0.007
double_sided = false
modulate = Color(0.99778026, 0.79021263, 0.58897936, 1)
text = "unveil"
font = ExtResource("6_nlkkf")
font_size = 40
outline_size = 4

[connection signal="pressed" from="mainmenucanvas/Button" to="mainmenucanvas" method="_on_button_pressed"]

[editable path="RootNode"]
[editable path="StaticBody3D3"]
