[gd_scene load_steps=10 format=3 uid="uid://ba5jda23bae7b"]

[ext_resource type="Script" uid="uid://dt225ywj53qip" path="res://mainmenucanvas.gd" id="1_glbon"]
[ext_resource type="PackedScene" uid="uid://c5usa2ubyi1eg" path="res://assets/main_char/character_body_3d.tscn" id="1_jix8l"]
[ext_resource type="PackedScene" uid="uid://cvnv0d5i2r46e" path="res://floor.tscn" id="2_glbon"]
[ext_resource type="Shader" uid="uid://c1mxw6ul0etpq" path="res://assets/main_char/fade_black.gdshader" id="2_qe12f"]
[ext_resource type="PackedScene" uid="uid://dibk5ywal17al" path="res://wall.tscn" id="3_nlkkf"]
[ext_resource type="PackedScene" uid="uid://bfgy30d3drnq2" path="res://ceiling.tscn" id="4_qe12f"]
[ext_resource type="FontFile" uid="uid://defatt5hcdyn3" path="res://Milky.ttf" id="6_nlkkf"]

[sub_resource type="ShaderMaterial" id="ShaderMaterial_8qtwp"]
shader = ExtResource("2_qe12f")
shader_parameter/fade_amount = 1.0

[sub_resource type="Environment" id="Environment_8qtwp"]
background_mode = 1

[node name="Node3D" type="Node3D"]

[node name="mainmenucanvas" type="CanvasLayer" parent="."]
script = ExtResource("1_glbon")

[node name="Button" type="Button" parent="mainmenucanvas"]
offset_left = 539.0
offset_top = 313.0
offset_right = 624.0
offset_bottom = 344.0
theme_override_colors/font_color = Color(0.4429102, 0.44291112, 0.4429103, 1)
theme_override_colors/font_outline_color = Color(0, 0, 0, 1)
text = "play."
clip_text = true

[node name="ColorRect" type="ColorRect" parent="mainmenucanvas"]
material = SubResource("ShaderMaterial_8qtwp")
offset_right = 1152.0
offset_bottom = 648.0
color = Color(0, 0, 0, 1)

[node name="Camera3D" type="Camera3D" parent="."]
transform = Transform3D(-1, 0, 8.742278e-08, 0, 1, 0, -8.742278e-08, 0, -1, 0, 1.5, -1.1)
current = true
fov = 41.315712

[node name="RootNode" parent="." instance=ExtResource("1_jix8l")]
transform = Transform3D(1, 0, 0, 0, 1, 0, 0, 0, 1, -7.599592e-07, 3.7252903e-08, 0.6)
script = null

[node name="CanvasLayer" parent="RootNode" index="0"]
visible = false

[node name="Control" parent="RootNode/CanvasLayer" index="0"]
visible = false

[node name="stamina" parent="RootNode/CanvasLayer/Control" index="0"]
visible = false

[node name="Skeleton3D" parent="RootNode/Root Scene/RootNode/CharacterArmature" index="0"]
bones/5/rotation = Quaternion(-0.006623747, 5.6108166e-07, 4.753658e-05, 0.99997807)
bones/7/rotation = Quaternion(-0.0030375742, -0.00027541586, 1.490913e-05, 0.99999535)
bones/9/rotation = Quaternion(0.66404486, -0.40841424, -0.38507974, -0.49391893)
bones/10/rotation = Quaternion(-0.12465663, -0.028935805, -0.18441322, 0.974482)
bones/13/rotation = Quaternion(-0.02225208, -0.029807325, 0.067818835, 0.99700403)
bones/14/rotation = Quaternion(-0.06356051, 0.012115322, 0.025533877, 0.9975778)
bones/17/rotation = Quaternion(-0.089645095, 0.02535985, -0.006087354, 0.99563235)
bones/18/rotation = Quaternion(-0.11988334, 0.006113721, -0.018876571, 0.9925897)
bones/21/rotation = Quaternion(-0.0819329, 0.16051698, -0.036554277, 0.9829472)
bones/22/rotation = Quaternion(-0.11816423, 0.040226374, -0.041462954, 0.99131227)
bones/29/rotation = Quaternion(-0.0033622098, -0.13504879, 0.08430756, 0.9872401)
bones/30/rotation = Quaternion(-0.13787724, -0.053437434, 0.15034403, 0.97751266)
bones/32/rotation = Quaternion(-0.61456186, -0.31178284, -0.43453744, 0.57989866)
bones/33/rotation = Quaternion(-0.21240509, -0.19281791, 0.3237402, 0.9016084)
bones/52/rotation = Quaternion(0.004658493, 0.13760482, -0.08497944, 0.9868241)
bones/53/rotation = Quaternion(-0.2084194, 0.05768155, -0.1355547, 0.96688116)
bones/54/rotation = Quaternion(-0.53610283, 0.013667939, 0.837163, -0.1075419)
bones/55/rotation = Quaternion(0.16838229, 0.6867656, -0.16838218, 0.6867662)
bones/56/rotation = Quaternion(0.5570085, 0.115949295, 0.8075826, 0.15526679)
bones/57/rotation = Quaternion(0.1467158, -0.6917182, 0.14671569, 0.6917188)

[node name="Head" parent="RootNode/Root Scene/RootNode/CharacterArmature/Skeleton3D" index="0"]
transform = Transform3D(0.9999847, -0.0023913109, -0.004953203, -0.0051578027, -0.094865166, -0.9954765, 0.0019106006, 0.9954873, -0.09487612, 3.902601e-05, -0.0008957976, 0.015475821)

[node name="Camera3D" parent="RootNode/Root Scene/RootNode/CharacterArmature/Skeleton3D/Head/Head_end" index="0"]
visible = false
current = false

[node name="Index4_L" parent="RootNode/Root Scene/RootNode/CharacterArmature/Skeleton3D" index="1"]
transform = Transform3D(-0.0650152, -0.08833663, 0.99396604, -0.9978771, 0.009363031, -0.064438805, -0.003614063, -0.99604636, -0.088757895, 0.0028243263, -0.0006641021, 0.008014959)

[node name="Middle4_L" parent="RootNode/Root Scene/RootNode/CharacterArmature/Skeleton3D" index="2"]
transform = Transform3D(-0.07053191, -0.24340014, 0.9673575, -0.99633145, -0.029908149, -0.0801697, 0.04844534, -0.96946466, -0.24039802, 0.0028337957, -0.00037221052, 0.007835615)

[node name="Ring4_L" parent="RootNode/Root Scene/RootNode/CharacterArmature/Skeleton3D" index="3"]
transform = Transform3D(-0.3402814, -0.38193896, 0.8592612, -0.93883294, 0.18941839, -0.28759712, -0.052915383, -0.9045678, -0.42303282, 0.0027711422, 1.5209378e-05, 0.008020443)

[node name="Pinky4_L" parent="RootNode/Root Scene/RootNode/CharacterArmature/Skeleton3D" index="4"]
transform = Transform3D(-0.040671956, -0.4925735, 0.8693193, -0.99462783, 0.10284123, 0.011737425, -0.09518327, -0.86417276, -0.49411058, 0.0027326713, 0.00017826895, 0.008258928)

[node name="Thumb3_L" parent="RootNode/Root Scene/RootNode/CharacterArmature/Skeleton3D" index="5"]
transform = Transform3D(-0.16036868, -0.18622741, 0.96932983, -0.9652081, -0.17589012, -0.1934787, 0.20652696, -0.96663404, -0.15154098, 0.0026199888, -0.0010891845, 0.008934901)

[node name="Index4_R" parent="RootNode/Root Scene/RootNode/CharacterArmature/Skeleton3D" index="6"]
transform = Transform3D(-0.36017784, 0.30763078, -0.88070124, 0.87975675, -0.20202962, -0.43036106, -0.31032023, -0.92980963, -0.1978735, -0.0020557404, -0.0023219432, 0.008353147)

[node name="Middle4_R" parent="RootNode/Root Scene/RootNode/CharacterArmature/Skeleton3D" index="7"]
transform = Transform3D(-0.36227947, 0.34154752, -0.86723614, 0.90795314, -0.08096356, -0.41117498, -0.21065025, -0.93637055, -0.28077748, -0.0021955683, -0.0020122158, 0.008065306)

[node name="Ring4_R" parent="RootNode/Root Scene/RootNode/CharacterArmature/Skeleton3D" index="8"]
transform = Transform3D(-0.609656, 0.4170021, -0.67411315, 0.75339305, 0.040466774, -0.6563234, -0.2464089, -0.90800405, -0.33883715, -0.0022596808, -0.0017070695, 0.008149189)

[node name="Pinky4_R" parent="RootNode/Root Scene/RootNode/CharacterArmature/Skeleton3D" index="9"]
transform = Transform3D(-0.3482008, 0.54256773, -0.764445, 0.91247725, 0.0093111545, -0.4090202, -0.21480331, -0.83996016, -0.49832273, -0.0023017672, -0.0014802875, 0.008327351)

[node name="Thumb3_R" parent="RootNode/Root Scene/RootNode/CharacterArmature/Skeleton3D" index="10"]
transform = Transform3D(-0.37146652, 0.53353775, -0.759835, 0.6377036, -0.44818842, -0.6264664, -0.67479277, -0.71726125, -0.1737517, -0.0018460561, -0.0024968295, 0.009557682)

[node name="LowerLeg_L" parent="RootNode/Root Scene/RootNode/CharacterArmature/Skeleton3D" index="11"]
transform = Transform3D(0.60613465, -0.16833167, -0.7773319, 0.7899404, 0.24099065, 0.5638119, 0.092419945, -0.9558173, 0.2790522, 0.002067409, -8.43289e-05, 0.0050489986)

[node name="LowerLeg_R" parent="RootNode/Root Scene/RootNode/CharacterArmature/Skeleton3D" index="12"]
transform = Transform3D(0.99324965, 0.010964742, -0.115248166, 0.114878014, 0.029678978, 0.9929356, 0.01430735, -0.99949914, 0.02821965, -0.0007415145, -0.0026121952, 0.005272414)

[node name="StaticBody3D" parent="." instance=ExtResource("2_glbon")]
transform = Transform3D(4, 0, 0, 0, 1, 0, 0, 0, 4, 0, 0, 0)

[node name="StaticBody3D2" parent="." instance=ExtResource("3_nlkkf")]
transform = Transform3D(-4, 0, -8.74228e-08, 0, 1, 0, 3.496911e-07, 0, -1.0000002, 4.4703484e-08, 1.5, 2.5)

[node name="WorldEnvironment" type="WorldEnvironment" parent="."]
environment = SubResource("Environment_8qtwp")

[node name="StaticBody3D3" parent="." instance=ExtResource("4_qe12f")]
transform = Transform3D(1.5, 0, 0, 0, 1, 0, 0, 0, 1.5, 0, 2.9, 0.3)

[node name="ceiling" parent="StaticBody3D3" index="0"]
flicker = true

[node name="Label3D" type="Label3D" parent="."]
transform = Transform3D(-1, 0, -8.742278e-08, 0, 1, 0, 8.742278e-08, 0, -1, 0, 2.48, 2.4)
pixel_size = 0.007
double_sided = false
modulate = Color(0.99778026, 0.79021263, 0.58897936, 1)
text = "unveil"
font = ExtResource("6_nlkkf")
font_size = 40
outline_size = 4

[connection signal="pressed" from="mainmenucanvas/Button" to="mainmenucanvas" method="_on_button_pressed"]

[editable path="RootNode"]
[editable path="StaticBody3D3"]
