[gd_scene load_steps=10 format=3 uid="uid://ba5jda23bae7b"]

[ext_resource type="Script" uid="uid://dt225ywj53qip" path="res://mainmenucanvas.gd" id="1_glbon"]
[ext_resource type="PackedScene" uid="uid://c5usa2ubyi1eg" path="res://assets/main_char/character_body_3d.tscn" id="1_jix8l"]
[ext_resource type="PackedScene" uid="uid://cvnv0d5i2r46e" path="res://floor.tscn" id="2_glbon"]
[ext_resource type="Shader" uid="uid://c1mxw6ul0etpq" path="res://assets/main_char/fade_black.gdshader" id="2_qe12f"]
[ext_resource type="PackedScene" uid="uid://dibk5ywal17al" path="res://wall.tscn" id="3_nlkkf"]
[ext_resource type="PackedScene" uid="uid://bfgy30d3drnq2" path="res://ceiling.tscn" id="4_qe12f"]
[ext_resource type="FontFile" uid="uid://defatt5hcdyn3" path="res://Milky.ttf" id="6_nlkkf"]

[sub_resource type="ShaderMaterial" id="ShaderMaterial_8qtwp"]
shader = ExtResource("2_qe12f")
shader_parameter/fade_amount = 1.0

[sub_resource type="Environment" id="Environment_8qtwp"]
background_mode = 1

[node name="Node3D" type="Node3D"]

[node name="mainmenucanvas" type="CanvasLayer" parent="."]
script = ExtResource("1_glbon")

[node name="Button" type="Button" parent="mainmenucanvas"]
offset_left = 539.0
offset_top = 313.0
offset_right = 624.0
offset_bottom = 344.0
theme_override_colors/font_color = Color(0.4429102, 0.44291112, 0.4429103, 1)
theme_override_colors/font_outline_color = Color(0, 0, 0, 1)
text = "play."
clip_text = true

[node name="ColorRect" type="ColorRect" parent="mainmenucanvas"]
material = SubResource("ShaderMaterial_8qtwp")
offset_right = 1152.0
offset_bottom = 648.0
color = Color(0, 0, 0, 1)

[node name="Camera3D" type="Camera3D" parent="."]
transform = Transform3D(-1, 0, 8.742278e-08, 0, 1, 0, -8.742278e-08, 0, -1, 0, 1.5, -1.1)
fov = 41.315712

[node name="RootNode" parent="." instance=ExtResource("1_jix8l")]
transform = Transform3D(1, 0, 0, 0, 1, 0, 0, 0, 1, -7.599592e-07, 3.7252903e-08, 0.6)
script = null

[node name="Control" parent="RootNode/CanvasLayer" index="0"]
visible = false

[node name="stamina" parent="RootNode/CanvasLayer/Control" index="0"]
visible = false

[node name="Skeleton3D" parent="RootNode/Root Scene/RootNode/CharacterArmature" index="0"]
bones/1/rotation = Quaternion(3.7573883e-32, 0.23553042, -1.5503758e-31, 0.97186697)
bones/4/rotation = Quaternion(0.085464716, -0.23748349, 0.011578177, 0.96755534)
bones/5/rotation = Quaternion(0.0035809996, 8.225811e-09, 3.6594014e-07, 0.9999936)
bones/6/rotation = Quaternion(-0.009471053, 6.7798237e-07, -8.586012e-10, 0.9999552)
bones/7/rotation = Quaternion(-0.024244152, -0.00027541225, 0.000118993274, 0.99970603)
bones/9/rotation = Quaternion(0.67486304, -0.40395537, -0.3877403, -0.48066366)
bones/10/rotation = Quaternion(-0.1215011, -0.029532691, -0.1843186, 0.9748805)
bones/11/rotation = Quaternion(0.011239725, 0.017744467, 0.010479184, 0.9997245)
bones/13/rotation = Quaternion(-0.04086343, -0.032141924, 0.06704522, 0.9963946)
bones/14/rotation = Quaternion(-0.0790505, 0.011656407, 0.025054006, 0.9964876)
bones/17/rotation = Quaternion(-0.08994332, 0.025425676, -0.006146804, 0.9956033)
bones/18/rotation = Quaternion(-0.12036, 0.006226992, -0.018850246, 0.9925318)
bones/21/rotation = Quaternion(-0.08193365, 0.16050582, -0.036555387, 0.9829489)
bones/22/rotation = Quaternion(-0.118102685, 0.040199265, -0.041421816, 0.99132246)
bones/29/rotation = Quaternion(0.041070975, -0.12220658, 0.08517021, 0.9879903)
bones/30/rotation = Quaternion(-0.08930823, -0.055572342, 0.12240844, 0.9868901)
bones/32/rotation = Quaternion(-0.62675375, -0.30756783, -0.43931714, 0.5653161)
bones/33/rotation = Quaternion(-0.20604631, -0.19374523, 0.32394794, 0.90280974)
bones/34/rotation = Quaternion(0.010541522, -0.02121429, -0.039322127, 0.9989458)
bones/52/rotation = Quaternion(0.04150485, 0.122112796, -0.08518853, 0.98798215)
bones/53/rotation = Quaternion(-0.08899771, 0.055613928, -0.12207085, 0.9869576)
bones/54/rotation = Quaternion(-0.53563297, 0.021038923, 0.83566976, -0.11962814)
bones/55/rotation = Quaternion(0.18659204, 0.6820434, -0.18659191, 0.6820438)
bones/56/rotation = Quaternion(0.5550307, 0.12530582, 0.8048493, 0.16869205)
bones/57/rotation = Quaternion(0.16735747, -0.68701607, 0.16735736, 0.68701667)
bones/61/rotation = Quaternion(-0.0026737682, -3.409373e-05, 9.115905e-08, 0.9999964)

[node name="Head" parent="RootNode/Root Scene/RootNode/CharacterArmature/Skeleton3D" index="0"]
transform = Transform3D(0.99998444, -0.0023960383, -0.005005708, -0.005167219, -0.07293463, -0.99732304, 0.0020245274, 0.99733377, -0.07294594, 3.9038307e-05, -0.0009383261, 0.015470549)

[node name="Camera3D" parent="RootNode/Root Scene/RootNode/CharacterArmature/Skeleton3D/Head/Head_end" index="0"]
visible = false

[node name="Index4_L" parent="RootNode/Root Scene/RootNode/CharacterArmature/Skeleton3D" index="1"]
transform = Transform3D(-0.06403616, -0.18528113, 0.98059636, -0.9977623, 0.030799765, -0.059337415, -0.019207865, -0.98220223, -0.18683884, 0.0026050366, -0.00054401596, 0.007979599)

[node name="Middle4_L" parent="RootNode/Root Scene/RootNode/CharacterArmature/Skeleton3D" index="2"]
transform = Transform3D(-0.06819425, -0.2731243, 0.959558, -0.9972525, -0.009202079, -0.073492214, 0.0289026, -0.96193445, -0.27174658, 0.0026405063, -0.00024835928, 0.0078053134)

[node name="Ring4_L" parent="RootNode/Root Scene/RootNode/CharacterArmature/Skeleton3D" index="3"]
transform = Transform3D(-0.34052548, -0.40832677, 0.84694177, -0.93808925, 0.2083635, -0.2767165, -0.063481, -0.8887368, -0.45400017, 0.002583729, 0.00013486172, 0.008000128)

[node name="Pinky4_L" parent="RootNode/Root Scene/RootNode/CharacterArmature/Skeleton3D" index="4"]
transform = Transform3D(-0.042262245, -0.5177568, 0.8544827, -0.99239695, 0.12069948, 0.024052333, -0.11558865, -0.8469704, -0.51892185, 0.0025520113, 0.0002926194, 0.008243138)

[node name="Thumb3_L" parent="RootNode/Root Scene/RootNode/CharacterArmature/Skeleton3D" index="5"]
transform = Transform3D(-0.12899986, -0.04476899, 0.9906332, -0.9547564, -0.26432577, -0.13627343, 0.26795095, -0.9633932, -0.008645326, 0.0024879407, -0.000997499, 0.008900429)

[node name="Index4_R" parent="RootNode/Root Scene/RootNode/CharacterArmature/Skeleton3D" index="6"]
transform = Transform3D(-0.35200253, 0.33271113, -0.87486964, 0.8856158, -0.18413693, -0.4263531, -0.30294883, -0.92487586, -0.22983724, -0.0018807543, -0.0022244602, 0.008298897)

[node name="Middle4_R" parent="RootNode/Root Scene/RootNode/CharacterArmature/Skeleton3D" index="7"]
transform = Transform3D(-0.35680643, 0.36674613, -0.85917753, 0.9118886, -0.06297165, -0.40557662, -0.20284782, -0.92818713, -0.3119626, -0.0020128754, -0.0019092304, 0.008013398)

[node name="Ring4_R" parent="RootNode/Root Scene/RootNode/CharacterArmature/Skeleton3D" index="8"]
transform = Transform3D(-0.60306734, 0.44136035, -0.66446257, 0.7580792, 0.05787995, -0.6495884, -0.24824363, -0.8954612, -0.36949122, -0.0020793476, -0.0016057467, 0.008101375)

[node name="Pinky4_R" parent="RootNode/Root Scene/RootNode/CharacterArmature/Skeleton3D" index="9"]
transform = Transform3D(-0.3426224, 0.5650542, -0.7505487, 0.91648996, 0.025403395, -0.39924896, -0.20653123, -0.82466257, -0.52657014, -0.0021263182, -0.0013824302, 0.008282665)

[node name="Thumb3_R" parent="RootNode/Root Scene/RootNode/CharacterArmature/Skeleton3D" index="10"]
transform = Transform3D(-0.31758302, 0.30848724, -0.8966471, 0.6254817, -0.64255095, -0.44260573, -0.71268004, -0.70140064, 0.0111106485, -0.0017243347, -0.0024333382, 0.009512093)

[node name="LowerLeg_L" parent="RootNode/Root Scene/RootNode/CharacterArmature/Skeleton3D" index="11"]
transform = Transform3D(0.60564804, -0.18728231, -0.7733663, 0.79024684, 0.2551537, 0.55711114, 0.09298783, -0.94858867, 0.3025406, 0.0021633883, -0.0001572677, 0.0050749904)

[node name="LowerLeg_R" parent="RootNode/Root Scene/RootNode/CharacterArmature/Skeleton3D" index="12"]
transform = Transform3D(0.9932334, 0.008042057, -0.11562761, 0.1149999, 0.0559587, 0.99178743, 0.014446006, -0.9984003, 0.054656487, -0.00072629796, -0.0027442107, 0.0053296247)

[node name="PT_R" parent="RootNode/Root Scene/RootNode/CharacterArmature/Skeleton3D" index="16"]
transform = Transform3D(1, -1.2749048e-09, -6.794928e-05, -6.79483e-05, 0.0053473976, -0.99998564, 3.6462674e-07, 0.99998564, 0.0053473976, -0.00018165624, -0.007312292, 0.004232642)

[node name="StaticBody3D" parent="." instance=ExtResource("2_glbon")]
transform = Transform3D(4, 0, 0, 0, 1, 0, 0, 0, 4, 0, 0, 0)

[node name="StaticBody3D2" parent="." instance=ExtResource("3_nlkkf")]
transform = Transform3D(-4, 0, -8.74228e-08, 0, 1, 0, 3.496911e-07, 0, -1.0000002, 4.4703484e-08, 1.5, 2.5)

[node name="WorldEnvironment" type="WorldEnvironment" parent="."]
environment = SubResource("Environment_8qtwp")

[node name="StaticBody3D3" parent="." instance=ExtResource("4_qe12f")]
transform = Transform3D(1.5, 0, 0, 0, 1, 0, 0, 0, 1.5, 0, 2.9, 0.3)

[node name="ceiling" parent="StaticBody3D3" index="0"]
flicker = true

[node name="Label3D" type="Label3D" parent="."]
transform = Transform3D(-1, 0, -8.742278e-08, 0, 1, 0, 8.742278e-08, 0, -1, 0, 2.48, 2.4)
pixel_size = 0.007
double_sided = false
modulate = Color(0.99778026, 0.79021263, 0.58897936, 1)
text = "unveil"
font = ExtResource("6_nlkkf")
font_size = 40
outline_size = 4

[connection signal="pressed" from="mainmenucanvas/Button" to="mainmenucanvas" method="_on_button_pressed"]

[editable path="RootNode"]
[editable path="StaticBody3D3"]
